<rig>
  <camera>
    <camera_model type="ocvpinhole_fu_fv_u0_v0_k1_k2_p1_p2_k3" index="9">
      <height>172</height>
      <width>224</width>
      <params> [219.028;  219.028;  112.546;  82.16249999999999;  -0.116621;  -1.60159;  0.000915315;  -0.00148782;  3.32883] </params>
    </camera_model>
  </camera>
  <camera>
    <camera_model type="calibu_fu_fv_u0_v0_k1_k2_k3" index="1">
      <height>1080</height>
      <width>1920</width>
      <params> [1736.612664215694;  1738.880697273437;  964.3121492067244;  542.8364115871054;  0.09288186241735584;  -0.4127732988478657;  0.624812343953403] </params>
    </camera_model>
  </camera>
  <camera>
    <camera_model type="calibu_fu_fv_u0_v0_w" index="0">
      <height>480</height>
      <width>640</width>
      <params> [258.0275594923373;  258.3631766337089;  328.2763890321963;  235.1178520268732;  0.9175798108581873] </params>
    </camera_model>
  </camera>
  <intrinsic_imu_calibration name="" imu_id="100" type="linear_imu_sg_mg_sa_ma_gqa">
    <b_w_b_a> [-0.009312305462972405;  -0.01171171301596774;  -0.008256036920072532;  -0.04574527207132006;  0.2364042731356119;  -0.105675853024836] </b_w_b_a>
    <crossterms> [1.02030459077676, 0.0005296706605333837, -0.0006851475278697951, 0.9998829214440961, -0.01136509832109548, 0.01024587451472791;  0, 1.000592674371917, 0.006704045296828927, 0.01140888592510627, 0.9999259888809736, -0.004225409134628981;  0, 0, 0.9993092219262231, -0.01019709401582776, 0.004341808443370879, 0.9999385821004576;  0, 0, 0, 1.00171324234362, -0.005173923441029325, 0.0116990728729036;  0, 0, 0, 0, 1.000498891959496, -0.0004575391044413476;  0, 0, 0, 0, 0, 1.013136182375673] </crossterms>
    <gyro_noise_sigma>5.3088443999999998e-05</gyro_noise_sigma>
    <gyro_bias_sigma>0.00014125375</gyro_bias_sigma>
    <accel_noise_sigma>0.001883649</accel_noise_sigma>
    <accel_bias_sigma>0.012589253999999999</accel_bias_sigma>
  </intrinsic_imu_calibration>
  <extrinsic_calibration frame_A_id="100" frame_B_id="3">
    <A_T_B> [0.9999801304814661, 0.004270772616028923, 0.004636716891574984, 0.03633123981203764;  0.004223971000422254, -0.9999405056504872, 0.01005699897761092, -0.006342423685359658;  0.004679392188952656, -0.01003721379219615, -0.9999386769337567, -0.001759518117232572] </A_T_B>
  </extrinsic_calibration>
  <extrinsic_calibration frame_A_id="100" frame_B_id="2">
    <A_T_B> [0.9999801304814661, 0.004270772616028923, 0.004636716891574984, 0.03633123981203764;  0.004223971000422254, -0.9999405056504872, 0.01005699897761092, -0.006342423685359658;  0.004679392188952656, -0.01003721379219615, -0.9999386769337567, -0.001759518117232572] </A_T_B>
  </extrinsic_calibration>
  <extrinsic_calibration frame_A_id="100" frame_B_id="0">
    <A_T_B> [0.9999998492267027, -0.0005206360975517004, -0.0001745984713599446, -0.003511329682664791;  -0.000519270688704821, -0.9999699789400848, 0.007731207959845018, -0.006821854548588855;  -0.0001786183756703491, -0.00773111613031683, -0.9999700985223787, -0.004535023690960684] </A_T_B>
  </extrinsic_calibration>
  <extrinsic_calibration frame_A_id="100" frame_B_id="1">
    <A_T_B> [-0.9999645721021559, -0.003070736835677948, -0.007837417676639357, 0.0466532469820836;  -0.003070620808564486, 0.9999952852726905, -2.683729203215835e-05, -0.00639626216579558;  0.007837463135613414, -2.77060344001789e-06, -0.9999692866103047, -0.005250708516494418] </A_T_B>
  </extrinsic_calibration>
  <extrinsic_calibration frame_A_id="100" frame_B_id="9">
    <A_T_B> [0.9999801304814661, 0.004270772616028923, 0.004636716891574984, 0.03633123981203764;  0.004223971000422254, -0.9999405056504872, 0.01005699897761092, -0.006342423685359658;  0.004679392188952656, -0.01003721379219615, -0.9999386769337567, -0.001759518117232572] </A_T_B>
  </extrinsic_calibration>
</rig>
